Using parla implementation
Skiping timestep? False
Using eager? >True< True
Using sched? >True< True
starting end-to-end
starting grid_creation
placement_TS[1] finished.
sample parts1 [[ 6.82532591e+01  1.32575021e+02  3.51875656e+00  1.83952909e-02
  -3.33086332e-01  0.00000000e+00  0.00000000e+00  1.60000000e+01
   3.10000000e+01  5.00000000e+06]
 [ 2.85307916e+02  6.83005485e+01  2.90479886e+00  3.41380241e-01
   2.45835399e-01  0.00000000e+00  0.00000000e+00  6.80000000e+01
   1.60000000e+01  5.00000100e+06]
 [ 2.84506849e+02  4.67837152e+02  4.92495246e+00 -1.56256989e-01
   9.96378750e-01  0.00000000e+00  0.00000000e+00  6.80000000e+01
   1.12000000e+02  5.00000200e+06]
 [ 2.21047709e+02  3.98747049e+02  4.80675169e+00  6.18170179e-02
  -3.58822641e-01  0.00000000e+00  0.00000000e+00  5.30000000e+01
   9.50000000e+01  5.00000300e+06]
 [ 5.71292276e+01  7.63870297e+01  3.17382016e+00 -7.81373884e-01
  -2.97728822e-01  0.00000000e+00  0.00000000e+00  1.30000000e+01
   1.80000000e+01  5.00000400e+06]]
placement_TS[0] finished.
sample parts0 [[ 1.62966426e+02  1.18083478e+02  3.10240752e+00 -8.98892700e-01
   7.60802278e-01  0.00000000e+00  0.00000000e+00  3.90000000e+01
   2.80000000e+01  0.00000000e+00]
 [ 4.81340811e+02  3.70149615e+02  1.53191787e+00  2.90907007e-01
   4.07074706e-01  0.00000000e+00  0.00000000e+00  1.15000000e+02
   8.90000000e+01  1.00000000e+00]
 [ 4.58538649e+02  3.86729672e+02  1.83872253e+00 -4.85463890e-01
  -3.06451856e-01  0.00000000e+00  0.00000000e+00  1.10000000e+02
   9.30000000e+01  2.00000000e+00]
 [ 1.00171269e+01  1.01470934e+02  3.26761088e+00  8.01562109e-01
  -2.77842609e-01  0.00000000e+00  0.00000000e+00  2.00000000e+00
   2.40000000e+01  3.00000000e+00]
 [ 1.99564604e+02  1.93143173e+02  3.93725869e+00  3.43680044e-02
   8.47319131e-01  0.00000000e+00  0.00000000e+00  4.70000000e+01
   4.60000000e+01  4.00000000e+00]]
post_placement_TS[1] finished.
create_tree finished
stopping grid_creation  1.544513139873743
starting summarization
before coms [[[0. 0. 0.]
  [0. 0. 0.]
  [0. 0. 0.]
  ...
  [0. 0. 0.]
  [0. 0. 0.]
  [0. 0. 0.]]

 [[0. 0. 0.]
  [0. 0. 0.]
  [0. 0. 0.]
  ...
  [0. 0. 0.]
  [0. 0. 0.]
  [0. 0. 0.]]

 [[0. 0. 0.]
  [0. 0. 0.]
  [0. 0. 0.]
  ...
  [0. 0. 0.]
  [0. 0. 0.]
  [0. 0. 0.]]

 ...

 [[0. 0. 0.]
  [0. 0. 0.]
  [0. 0. 0.]
  ...
  [0. 0. 0.]
  [0. 0. 0.]
  [0. 0. 0.]]

 [[0. 0. 0.]
  [0. 0. 0.]
  [0. 0. 0.]
  ...
  [0. 0. 0.]
  [0. 0. 0.]
  [0. 0. 0.]]

 [[0. 0. 0.]
  [0. 0. 0.]
  [0. 0. 0.]
  ...
  [0. 0. 0.]
  [0. 0. 0.]
  [0. 0. 0.]]]
summarize_TS[0] finished.
summarize_TS[1] finished.
after coms [[[ 250.1375   244.78017 1919.3022 ]
  [ 253.61504  250.28682 1960.6353 ]
  [ 248.90129  255.08719 1982.1469 ]
  ...
  [ 238.6364   255.69868 2013.3062 ]
  [ 248.34119  247.67961 1881.5507 ]
  [ 240.14401  261.99417 1846.3834 ]]

 [[ 244.85489  256.59213 1988.1046 ]
  [ 249.53764  244.3263  1812.7706 ]
  [ 251.01793  250.27962 1966.3384 ]
  ...
  [ 252.7639   255.36577 1967.6112 ]
  [ 252.55276  251.33702 1948.8519 ]
  [ 253.39935  248.44662 2109.5498 ]]

 [[ 246.22137  248.62056 1880.2477 ]
  [ 252.71732  246.30667 1928.0813 ]
  [ 254.71443  250.12924 2077.9043 ]
  ...
  [ 243.42267  246.8206  1821.7795 ]
  [ 250.06746  247.52295 1949.1649 ]
  [ 246.48216  267.32132 1876.6643 ]]

 ...

 [[ 253.38257  255.97772 1987.6117 ]
  [ 254.98724  253.15283 1912.9677 ]
  [ 252.74313  247.93686 2018.5115 ]
  ...
  [ 251.29897  249.48814 2097.6038 ]
  [ 255.03067  243.78079 2001.183  ]
  [ 243.01355  253.81616 1954.923  ]]

 [[ 246.29228  255.80408 1897.7446 ]
  [ 260.50586  253.32835 1983.5139 ]
  [ 247.45993  249.1596  1989.4979 ]
  ...
  [ 255.0027   240.71587 1757.7286 ]
  [ 256.84042  247.28764 1938.0205 ]
  [ 259.02408  247.8311  1918.3864 ]]

 [[ 255.70712  252.81413 1818.3434 ]
  [ 251.49396  242.39763 1816.5785 ]
  [ 259.52423  257.24097 1831.6852 ]
  ...
  [ 251.59546  253.27475 1904.366  ]
  [ 252.35121  243.85252 1877.475  ]
  [ 251.4752   247.77237 2061.2075 ]]]
stopping summarization  0.4527549194172025
starting evaluation
boxes of task 1: 7200
boxes of task 0: 7200
eval_TS[1] finished.
eval_TS[0] finished.
stopping evaluation  81.44257098482922
starting timestep
stopping timestep  0.34527171682566404
stopping end-to-end  83.78532368503511
warmup done
Using eager? >True< True
Using sched? >True< True
starting end-to-end
starting grid_creation
placement_TS[1] finished.
sample parts1 [[ 7.09326914e+01  1.34301921e+02  3.51875656e+00  5.35886468e+02
   3.45379999e+02  0.00000000e+00  0.00000000e+00  2.90000000e+01
   2.80000000e+01  5.00000000e+06]
 [ 2.84586668e+02  7.19529810e+01  2.90479886e+00 -1.44249723e+02
   7.30486502e+02  0.00000000e+00  0.00000000e+00  7.40000000e+01
   1.40000000e+01  5.00000100e+06]
 [ 2.84013243e+02  4.64772770e+02  4.92495246e+00 -9.87211109e+01
  -6.12876469e+02  0.00000000e+00  0.00000000e+00  7.40000000e+01
   9.80000000e+01  5.00000200e+06]
 [ 2.21893090e+02  3.94301130e+02  4.80675169e+00  1.69076334e+02
  -8.89183828e+02  0.00000000e+00  0.00000000e+00  6.10000000e+01
   8.30000000e+01  5.00000300e+06]
 [ 5.91007148e+01  7.81633882e+01  3.17382016e+00  3.94297433e+02
   3.55271704e+02  0.00000000e+00  0.00000000e+00  2.70000000e+01
   1.60000000e+01  5.00000400e+06]]
placement_TS[0] finished.
sample parts0 [[ 1.65365084e+02  1.21738812e+02  3.10240752e+00  4.79731455e+02
   7.31066821e+02  0.00000000e+00  0.00000000e+00  4.90000000e+01
   2.50000000e+01  0.00000000e+00]
 [ 4.79008874e+02  3.68937429e+02  1.53191787e+00 -4.66387468e+02
  -2.42437213e+02  0.00000000e+00  0.00000000e+00  1.16000000e+02
   7.70000000e+01  1.00000000e+00]
 [ 4.56237992e+02  3.85219577e+02  1.83872253e+00 -4.60131246e+02
  -3.02018932e+02  0.00000000e+00  0.00000000e+00  1.11000000e+02
   8.10000000e+01  2.00000000e+00]
 [ 1.20993979e+01  1.02754129e+02  3.26761088e+00  4.16454199e+02
   2.56638887e+02  0.00000000e+00  0.00000000e+00  1.70000000e+01
   2.10000000e+01  3.00000000e+00]
 [ 2.05622417e+02  1.99989800e+02  3.93725869e+00  1.21156260e+03
   1.36932542e+03  0.00000000e+00  0.00000000e+00  5.80000000e+01
   4.20000000e+01  4.00000000e+00]]
post_placement_TS[1] finished.
create_tree finished
stopping grid_creation  0.8153859879821539
starting summarization
before coms [[[0. 0. 0.]
  [0. 0. 0.]
  [0. 0. 0.]
  ...
  [0. 0. 0.]
  [0. 0. 0.]
  [0. 0. 0.]]

 [[0. 0. 0.]
  [0. 0. 0.]
  [0. 0. 0.]
  ...
  [0. 0. 0.]
  [0. 0. 0.]
  [0. 0. 0.]]

 [[0. 0. 0.]
  [0. 0. 0.]
  [0. 0. 0.]
  ...
  [0. 0. 0.]
  [0. 0. 0.]
  [0. 0. 0.]]

 ...

 [[0. 0. 0.]
  [0. 0. 0.]
  [0. 0. 0.]
  ...
  [0. 0. 0.]
  [0. 0. 0.]
  [0. 0. 0.]]

 [[0. 0. 0.]
  [0. 0. 0.]
  [0. 0. 0.]
  ...
  [0. 0. 0.]
  [0. 0. 0.]
  [0. 0. 0.]]

 [[0. 0. 0.]
  [0. 0. 0.]
  [0. 0. 0.]
  ...
  [0. 0. 0.]
  [0. 0. 0.]
  [0. 0. 0.]]]
summarize_TS[0] finished.
summarize_TS[1] finished.
after coms [[[   0.         0.         0.     ]
  [   0.         0.         0.     ]
  [   0.         0.         0.     ]
  ...
  [   0.         0.         0.     ]
  [   0.         0.         0.     ]
  [   0.         0.         0.     ]]

 [[   0.         0.         0.     ]
  [   0.         0.         0.     ]
  [   0.         0.         0.     ]
  ...
  [   0.         0.         0.     ]
  [   0.         0.         0.     ]
  [   0.         0.         0.     ]]

 [[   0.         0.         0.     ]
  [   0.         0.         0.     ]
  [   0.         0.         0.     ]
  ...
  [   0.         0.         0.     ]
  [   0.         0.         0.     ]
  [   0.         0.         0.     ]]

 ...

 [[ 250.40402  247.35486 2373.3218 ]
  [ 256.02347  244.43752 2442.011  ]
  [ 251.96295  251.67728 2503.3179 ]
  ...
  [   0.         0.         0.     ]
  [   0.         0.         0.     ]
  [   0.         0.         0.     ]]

 [[ 247.65195  247.28612 2503.4866 ]
  [ 256.67725  250.77791 2586.931  ]
  [ 254.06818  246.99962 2645.3386 ]
  ...
  [   0.         0.         0.     ]
  [   0.         0.         0.     ]
  [   0.         0.         0.     ]]

 [[ 259.03583  251.37704 2317.1292 ]
  [ 237.75208  249.968   2348.1775 ]
  [ 244.30293  253.08456 2368.761  ]
  ...
  [   0.         0.         0.     ]
  [   0.         0.         0.     ]
  [   0.         0.         0.     ]]]
stopping summarization  0.1629619039595127
starting evaluation
boxes of task 1: 7200
boxes of task 0: 7200
eval_TS[0] finished.
eval_TS[1] finished.
stopping evaluation  107.14077966706827
starting timestep
stopping timestep  0.2812209469266236
stopping end-to-end  108.40049595432356
**************************************************
name           , median 
grid_creation  , 0.81539
summarization  , 0.16296
evaluation     , 107.14078
timestep       , 0.28122
end-to-end     , 108.40050
**************************************************
